[[-92.1307646  178.89793211 -18.29046497]
 [-92.24423673 178.8676583  -16.58611466]
 [-91.97865105 178.93851526 -29.60924784]] [[-97.02588532 163.6583216   -1.10206789]
 [-97.27382644 165.18107921  -1.1323417 ]
 [-96.69351115 153.54551639  -1.06148474]], [[-83.77138731 181.12817329  17.8672323 ]
 [-84.16541979 181.02304734  18.35804527]
 [-81.15457308 181.82632658  17.20927949]] [[-78.7603127  195.96353972   1.12817329]
 [-79.62128939 196.40205824   1.02304734]
 [-73.04246931 195.37568954   1.82632658]], [[-92.1307646  178.89793211 -18.29046497]
 [-92.24423673 178.8676583  -16.58611466]
 [-91.97865105 178.93851526 -29.60924784]] [[-78.7603127  195.96353972   1.12817329]
 [-79.62128939 196.40205824   1.02304734]
 [-73.04246931 195.37568954   1.82632658]], [[-83.77138731 181.12817329  17.8672323 ]
 [-84.16541979 181.02304734  18.35804527]
 [-81.15457308 181.82632658  17.20927949]] [[-97.02588532 163.6583216   -1.10206789]
 [-97.27382644 165.18107921  -1.1323417 ]
 [-96.69351115 153.54551639  -1.06148474]]
